                3 . 1 4 1 5 9  2                                            6 5 
            358979323846264338327950288419716939937510582 097494459230781640628 
         6208998628034825342117067982148086513282306647093844609550582231725359 
        40812848111745028410270193852110555964462294895493038196442881097566593 
      34461284756482337867831652712019091456485669234603486104543266482133936072
     60249141273724587006606315588174881520920962829254091715364367892590360011 
    330530548820466521384146951941511609433057270365759591953092186117381932611 
   7931051185480744623799627495673518857527248912279381830119491298336733624406 
   5664308602139494639522473719070217986094370277053921717629317675238467481846 
  7669405132000568127145263560827785771342757789609173637178721468440901224953  
  4301465495853710507922796892589235420199561121290219608640344181598136297747  
 713099605187072113499999983729780499510597317328160963185950244594553469083    
 0264252230825 3     3  446850352 619311881710100031378387528865875332083       
 8142061717              7669147                  303598     2   5              
349042875                546873                   115956                        
2863882                 3537875                  93751957                       
7818577                  805321                  7122680                        
661300                  1927876                  6111959                        
092164                  2019893                  8095257                        
20106                   5485863                  2788659                        
36153                  3818279                   6823030                        
 1952                  03530185                  2968995                        
 7736                  2259941                   389124                         
 9721                  7752834                  79131515                        
 57485                 7242454                   150695                         
  950                 82953311                  68617278                        
  5588                9075098                   3817546                         
  37                  4649393                   1925506                         
                      0400927                   7016711                         
                     39009848                   8240128                         
                     58361603                   5637076                         
                     60104710                  18194295                         
                     5596198                    9467678                         
                     3744944                   82553797                         
                    74726847                   10404753                         
                    46462080                   46684259                         
                    06949129                   33136770                         
                   289891521                   0475216                          
                    2056966                    02405803                         
                   81501935                    1125338                          
                   24300355                   876402474                         
                  964732639                    1419927                          
                  260426992                   279678235                         
                  478163600                   93417216                          
                  41219924                    586315030                         
                 286182974                    55570674                          
                 983850549                    45885869                          
                 269956909                    272107975                         
                 093029553                    21165344                          
                9872027559                    60236480                          
                665499119                    8818347977                         
                535663698                     07426542                          
                527862551                    8184175746                         
               7289097777                     27938000                          
               8164706001                    6145249192                         
               173217214                     7723501414                         
              41973568548                    1613611573                         
              5255213347                     5741849468                         
              4385233239                     0739414333               4         
              5477624168                     62518983569             48         
             55620992192                     221842725502          54256        
             8876717904                       946016534668       0498862        
             7232791786                      085784383827967 97668145410        
            09538837863                       6095068006422512520511739         
            29848960841                       28488626945604241965285022        
            21066118630                       6744278622039194945047123         
            71378696095                       6364371917287467764657573         
           96241389086                         58326459958133904780275          
           90099465764                         07895126946839835259570          
           98258226205                         2248940772671947826848           
          260147699090                          26401363944374553050            
          682034962524                           517493996514314298             
          0919065925                              093722169646151               
         570 9                                      85838741059                 
                                                       78859                    
